peak_frequency: 440.0
max_amplitude: 0.5000089566233433
min_amplitude: 0.49993783163346117
duration: 2.0
sample_rate: 44100
